0,526
55,9
55,8
55,7
0,525
0,524
0,523
64,5
64,4
64,3
64,2
64,1
64,0
0,522
0,521
63,5
63,4
63,3
63,2
63,1
63,0
62,6
62,5
62,4
62,3
62,2
62,1
62,0
61,6
61,5
61,4
61,3
61,2
61,1
61,0
60,6
60,5
60,4
60,3
60,2
60,1
60,0
59,4
59,3
59,2
59,1
59,0
0,520
0,519
0,518
58,4
58,3
58,2
0,517
58,1
58,0
0,516
0,515
0,514
0,513
0,512
0,511
0,510
57,8
57,7
57,6
57,5
57,4
57,3
57,2
0,509
57,1
57,0
0,508
0,507
0,506
0,505
0,504
0,503
0,502
56,8
56,7
56,6
56,5
56,4
56,3
56,2
0,501
56,1
56,0
0,500
0,499
0,498
55,6
55,5
55,4
55,3
55,2
0,497
55,1
55,0
0,496
0,495
0,494
0,493
0,492
0,491
54,6
54,5
54,4
54,3
54,2
0,490
54,1
54,0
0,489
53,6
53,5
53,4
53,3
53,2
53,1
53,0
52,5
52,4
52,3
52,2
52,1
52,0
51,3
51,2
51,1
51,0
50,6
50,5
50,4
50,3
50,2
50,1
50,0
49,4
49,3
49,2
49,1
49,0
