84,9
84,8
84,7
0,534
93,5
93,4
93,3
93,2
93,1
93,0
92,5
92,4
92,3
92,2
92,1
92,0
91,6
91,5
91,4
91,3
91,2
91,1
91,0
90,6
90,5
90,4
90,3
90,2
90,1
90,0
89,6
89,5
89,4
89,3
89,2
89,1
89,0
0,533
88,4
88,3
88,2
88,1
88,0
0,532
87,4
87,3
87,2
87,1
87,0
0,531
86,8
86,7
86,6
86,5
86,4
86,3
86,2
86,1
86,0
85,8
85,7
85,6
85,5
85,4
85,3
85,2
85,1
85,0
84,6
84,5
84,4
84,3
84,2
84,1
84,0
83,6
83,5
83,4
83,3
83,2
83,1
83,0
82,6
82,5
82,4
82,3
82,2
82,1
82,0
81,5
81,4
81,3
81,2
81,1
81,0
80,3
80,2
80,1
80,0
79,6
79,5
79,4
79,3
79,2
79,1
79,0
78,4
78,3
78,2
78,1
78,0
77,4
77,3
77,2
77,1
77,0
76,6
76,5
76,4
76,3
76,2
76,1
76,0
75,8
75,7
75,6
75,5
75,4
75,3
75,2
75,1
75,0
74,6
74,5
74,4
74,3
74,2
74,1
74,0
0,530
0,529
64,9
64,8
64,7
0,528
73,5
73,4
73,3
73,2
73,1
73,0
0,527
0,526
72,5
72,4
72,3
72,2
72,1
72,0
71,6
71,5
71,4
71,3
71,2
71,1
71,0
70,6
70,5
70,4
70,3
70,2
70,1
70,0
69,6
69,5
69,4
69,3
69,2
69,1
69,0
68,4
